(((7, 7), (8, 3), 1, 1, 1, 1), 0):-6.25
(((7, 7), (7, 3), 1, 1, 1, 1), 1):-6.25
(((7, 7), (7, 2), 1, 1, 1, 1), 4):-0.5
(((7, 7), (7, 3), 1, 1, 1, 1), 2):-0.5
(((6, 7), (7, 2), 1, 1, 1, 1), 1):-6.25
(((6, 7), (6, 2), 1, 1, 1, 1), 0):-6.25
(((6, 7), (6, 1), 1, 1, 1, 1), 0):-6.25
(((6, 7), (7, 1), 1, 1, 1, 1), 3):-0.9750000000000001
(((7, 7), (8, 1), 1, 1, 1, 1), 2):-0.5
(((6, 7), (7, 1), 1, 1, 1, 1), 1):-6.25
(((6, 7), (8, 1), 1, 1, 1, 1), 0):-6.25
(((7, 7), (7, 2), 1, 1, 1, 1), 2):-0.5
(((6, 7), (7, 3), 1, 1, 1, 1), 2):-0.5
(((5, 7), (7, 2), 1, 1, 1, 1), 0):-0.5
(((5, 6), (7, 3), 1, 1, 1, 1), 0):-0.5
(((5, 5), (6, 3), 1, 1, 1, 1), 2):-0.5
(((4, 5), (5, 3), 1, 1, 1, 1), 1):-0.5
(((4, 6), (4, 3), 1, 1, 1, 1), 4):-0.5
(((4, 6), (4, 4), 1, 1, 1, 1), 1):-0.5
(((4, 7), (4, 5), 1, 1, 1, 1), 0):-25.5
(((7, 7), (8, 3), 1, 1, 1, 1), 4):-0.5
