(((9, 1), 1, 1), 2):439.2944656945889
(((8, 1), 1, 1), 3):394.36501912512995
(((9, 1), 1, 1), 3):439.2944656945889
(((10, 1), 1, 1), 3):489.2160729939877
(((11, 1), 1, 1), 3):544.6845255488753
(((12, 1), 1, 1), 3):606.3161394987504
(((13, 1), 1, 1), 3):674.7957105541673
(((14, 1), 1, 1), 4):674.7957105541673
(((14, 1), 1, 1), 3):750.8841228379638
(((15, 1), 1, 1), 4):750.8841228379638
(((15, 1), 1, 1), 3):835.4268031532932
(((16, 1), 1, 1), 3):929.3631146147703
(((17, 1), 1, 0), 4):918.3631146147703
(((17, 1), 1, 0), 2):1021.5145717941894
(((16, 1), 1, 0), 3):918.3631146147703
(((16, 1), 1, 0), 2):1136.1273019935438
(((15, 1), 1, 0), 4):1136.1273019935438
(((15, 1), 1, 0), 2):1263.4747799928266
(((14, 1), 1, 0), 3):1136.1273019935438
(((15, 1), 1, 0), 3):1021.5145717941894
(((16, 1), 1, 0), 4):1021.5145717941894
(((14, 1), 1, 0), 4):1263.4747799928266
(((14, 1), 1, 0), 2):1404.9719777698076
(((13, 1), 1, 0), 2):1562.1910864108975
(((12, 1), 1, 0), 4):1562.1910864108975
(((12, 1), 1, 0), 3):1404.9719777698076
(((13, 1), 1, 0), 3):1263.4747799928266
(((13, 1), 1, 0), 4):1404.9719777698076
(((12, 1), 1, 0), 2):1736.8789849009975
(((11, 1), 1, 0), 4):1736.8789849009975
(((11, 1), 1, 0), 2):1930.9766498899974
(((10, 1), 1, 0), 2):2146.640722099997
(((9, 1), 1, 0), 3):1930.9766498899974
(((10, 1), 1, 0), 3):1736.8789849009975
(((11, 1), 1, 0), 3):1562.1910864108975
(((10, 1), 1, 0), 4):1930.9766498899974
(((9, 1), 1, 0), 2):2386.267468999997
(((8, 1), 1, 0), 3):2146.640722099997
(((9, 1), 1, 0), 4):2146.640722099997
(((8, 1), 1, 0), 4):2386.267468999997
(((8, 1), 1, 0), 2):2652.519409999997
(((7, 1), 1, 0), 4):2652.519409999997
(((7, 1), 1, 0), 3):2386.267468999997
(((7, 1), 1, 0), 2):2948.354899999997
(((6, 1), 1, 0), 2):3277.0609999999974
(((5, 1), 1, 0), 4):3277.0609999999974
(((5, 1), 1, 0), 3):2948.354899999997
(((5, 1), 1, 0), 2):3642.2899999999977
(((4, 1), 1, 0), 4):3642.2899999999977
(((4, 1), 1, 0), 2):4048.099999999998
(((3, 1), 1, 0), 3):3642.2899999999977
(((4, 1), 1, 0), 3):3277.0609999999974
(((3, 1), 1, 0), 2):4498.999999999998
(((2, 1), 1, 0), 4):4498.999999999998
(((2, 1), 1, 0), 3):4048.099999999998
(((3, 1), 1, 0), 4):4048.099999999998
(((2, 1), 1, 0), 2):4999.999999999999
(((6, 1), 1, 1), 4):544.6845255488753
(((6, 1), 1, 1), 2):606.3161394987504
(((5, 1), 1, 1), 3):544.6845255488753
(((6, 1), 1, 1), 3):489.2160729939877
(((7, 1), 1, 1), 4):489.2160729939877
(((7, 1), 1, 1), 3):439.2944656945889
(((8, 1), 1, 1), 4):439.2944656945889
(((8, 1), 1, 1), 2):489.2160729939877
(((7, 1), 1, 1), 2):544.6845255488753
(((5, 1), 1, 1), 4):606.3161394987504
(((5, 1), 1, 1), 2):674.7957105541673
(((4, 1), 1, 1), 4):674.7957105541673
(((4, 1), 1, 1), 2):750.8841228379638
(((3, 1), 1, 1), 3):674.7957105541673
(((4, 1), 1, 1), 3):606.3161394987504
(((3, 1), 1, 1), 2):835.4268031532932
(((2, 1), 1, 1), 2):929.3631146147703
(((1, 1), 0, 1), 3):1021.5145717941894
(((2, 1), 0, 1), 2):918.3631146147703
(((1, 1), 0, 1), 4):918.3631146147703
(((2, 1), 0, 1), 3):1136.1273019935438
(((3, 1), 0, 1), 4):1136.1273019935438
(((3, 1), 0, 1), 3):1263.4747799928266
(((4, 1), 0, 1), 2):1136.1273019935438
(((3, 1), 0, 1), 2):1021.5145717941894
(((2, 1), 0, 1), 4):1021.5145717941894
(((4, 1), 0, 1), 4):1263.4747799928266
(((4, 1), 0, 1), 3):1404.9719777698076
(((5, 1), 0, 1), 3):1562.1910864108975
(((6, 1), 0, 1), 4):1562.1910864108975
(((6, 1), 0, 1), 3):1736.8789849009975
(((7, 1), 0, 1), 2):1562.1910864108975
(((6, 1), 0, 1), 2):1404.9719777698076
(((5, 1), 0, 1), 2):1263.4747799928266
(((5, 1), 0, 1), 4):1404.9719777698076
(((7, 1), 0, 1), 4):1736.8789849009975
(((7, 1), 0, 1), 3):1930.9766498899974
(((8, 1), 0, 1), 4):1930.9766498899974
(((8, 1), 0, 1), 2):1736.8789849009975
(((8, 1), 0, 1), 3):2146.640722099997
(((9, 1), 0, 1), 4):2146.640722099997
(((9, 1), 0, 1), 2):1930.9766498899974
(((9, 1), 0, 1), 3):2386.267468999997
(((10, 1), 0, 1), 4):2386.267468999997
(((10, 1), 0, 1), 2):2146.640722099997
(((10, 1), 0, 1), 3):2652.519409999997
(((11, 1), 0, 1), 4):2652.519409999997
(((11, 1), 0, 1), 3):2948.354899999997
(((12, 1), 0, 1), 3):3277.0609999999974
(((13, 1), 0, 1), 3):3642.2899999999977
(((14, 1), 0, 1), 4):3642.2899999999977
(((14, 1), 0, 1), 3):4048.099999999998
(((15, 1), 0, 1), 2):3642.2899999999977
(((14, 1), 0, 1), 2):3277.0609999999974
(((13, 1), 0, 1), 2):2948.354899999997
(((12, 1), 0, 1), 2):2652.519409999997
(((11, 1), 0, 1), 2):2386.267468999997
(((12, 1), 0, 1), 4):2948.354899999997
(((13, 1), 0, 1), 4):3277.0609999999974
(((15, 1), 0, 1), 4):4048.099999999998
(((15, 1), 0, 1), 3):4498.999999999998
(((16, 1), 0, 1), 3):4999.999999999999
(((10, 1), 1, 1), 4):439.2944656945889
(((10, 1), 1, 1), 2):394.36501912512995
(((9, 1), 1, 1), 4):394.36501912512995
(((3, 1), 1, 1), 4):750.8841228379638
(((16, 1), 0, 1), 4):4498.999999999998
(((16, 1), 0, 1), 2):4048.099999999998
(((11, 1), 1, 1), 2):439.2944656945889
(((11, 1), 1, 1), 4):489.2160729939877
(((12, 1), 1, 1), 2):489.2160729939877
(((13, 1), 1, 1), 2):544.6845255488753
(((12, 1), 1, 1), 4):544.6845255488753
(((13, 1), 1, 1), 4):606.3161394987504
(((14, 1), 1, 1), 2):606.3161394987504
(((15, 1), 1, 1), 2):674.7957105541673
(((16, 1), 1, 1), 2):750.8841228379638
(((6, 1), 1, 0), 3):2652.519409999997
(((6, 1), 1, 0), 4):2948.354899999997
(((16, 1), 1, 1), 4):835.4268031532932
(((2, 1), 1, 1), 4):835.4268031532932
(((2, 1), 1, 1), 3):750.8841228379638
