((1, 1), (1, 1), 1) : 9.996670103634685
((2, 1), (1, 1), 1) : 9.996670103634685
((3, 1), (1, 1), 0) : 1709.9567282533012
((1, 2), (1, 1), 1) : 9.996670103634685
((2, 2), (1, 1), 1) : 9.996670103634685
((3, 2), (1, 1), 1) : 9.996670103634685
((1, 3), (1, 1), 1) : 9.996670103634685
((2, 3), (1, 1), 1) : 9.996670103634685
((3, 3), (1, 1), 1) : 9.996670103634685
((1, 1), (2, 1), 1) : 9.996670103634685
((1, 1), (3, 1), 1) : 9.996670103634685
((1, 1), (1, 2), 1) : 9.996670103634685
((1, 1), (2, 2), 1) : 9.996670103634685
((1, 1), (3, 2), 1) : 9.996670103634685
((1, 1), (1, 3), 1) : 9.996670103634685
((1, 1), (2, 3), 1) : 9.996670103634685
((1, 1), (3, 3), 1) : 9.996670103634685
((2, 1), (2, 1), 1) : 9.996670103634685
((2, 1), (3, 1), 1) : 9.996670103634685
((2, 1), (1, 2), 1) : 9.996670103634685
((2, 1), (2, 2), 1) : 9.996670103634685
((2, 1), (3, 2), 1) : 9.996670103634685
((2, 1), (1, 3), 1) : 9.996670103634685
((2, 1), (2, 3), 1) : 9.996670103634685
((2, 1), (3, 3), 1) : 9.996670103634685
((3, 1), (2, 1), 0) : 1994.3572600736327
((3, 1), (3, 1), 0) : 1894.8882351026161
((3, 1), (1, 2), 0) : 1583.3983559640435
((3, 1), (2, 2), 0) : 1709.9567282533012
((3, 1), (3, 2), 0) : 1994.3572600736327
((3, 1), (1, 3), 0) : 1525.0252214039863
((3, 1), (2, 3), 0) : 1583.3983559640435
((3, 1), (3, 3), 0) : 1709.9567282533012
((1, 2), (2, 1), 1) : 9.996670103634685
((1, 2), (3, 1), 1) : 9.996670103634685
((1, 2), (1, 2), 1) : 9.996670103634685
((1, 2), (2, 2), 1) : 9.996670103634685
((1, 2), (3, 2), 1) : 9.996670103634685
((1, 2), (1, 3), 1) : 9.996670103634685
((1, 2), (2, 3), 1) : 9.996670103634685
((1, 2), (3, 3), 1) : 9.996670103634685
((2, 2), (2, 1), 1) : 9.996670103634685
((2, 2), (3, 1), 1) : 9.996670103634685
((2, 2), (1, 2), 1) : 9.996670103634685
((2, 2), (2, 2), 1) : 9.996670103634685
((2, 2), (3, 2), 1) : 9.996670103634685
((2, 2), (1, 3), 1) : 9.996670103634685
((2, 2), (2, 3), 1) : 9.996670103634685
((2, 2), (3, 3), 1) : 9.996670103634685
((3, 2), (2, 1), 1) : 9.996670103634685
((3, 2), (3, 1), 1) : 9.996670103634685
((3, 2), (1, 2), 1) : 9.996670103634685
((3, 2), (2, 2), 1) : 9.996670103634685
((3, 2), (3, 2), 1) : 9.996670103634685
((3, 2), (1, 3), 1) : 9.996670103634685
((3, 2), (2, 3), 1) : 9.996670103634685
((3, 2), (3, 3), 1) : 9.996670103634685
((1, 3), (2, 1), 1) : 9.996670103634685
((1, 3), (3, 1), 1) : 9.996670103634685
((1, 3), (1, 2), 1) : 9.996670103634685
((1, 3), (2, 2), 1) : 9.996670103634685
((1, 3), (3, 2), 1) : 9.996670103634685
((1, 3), (1, 3), 1) : 9.996670103634685
((1, 3), (2, 3), 1) : 9.996670103634685
((1, 3), (3, 3), 1) : 9.996670103634685
((2, 3), (2, 1), 1) : 9.996670103634685
((2, 3), (3, 1), 1) : 9.996670103634685
((2, 3), (1, 2), 1) : 9.996670103634685
((2, 3), (2, 2), 1) : 9.996670103634685
((2, 3), (3, 2), 1) : 9.996670103634685
((2, 3), (1, 3), 1) : 9.996670103634685
((2, 3), (2, 3), 1) : 9.996670103634685
((2, 3), (3, 3), 1) : 9.996670103634685
((3, 3), (2, 1), 1) : 9.996670103634685
((3, 3), (3, 1), 1) : 9.996670103634685
((3, 3), (1, 2), 1) : 9.996670103634685
((3, 3), (2, 2), 1) : 9.996670103634685
((3, 3), (3, 2), 1) : 9.996670103634685
((3, 3), (1, 3), 1) : 9.996670103634685
((3, 3), (2, 3), 1) : 9.996670103634685
((3, 3), (3, 3), 1) : 9.996670103634685
